simmetrico===================================================
A = [ 
0 -1 -1 -1 -1 -1 -1 0 0 0;
-1 0 -1 -1 -1 0 0 -1 -1 0; 
-1 -1 0 -1 0 -1 0 -1 0 -1; 
-1 -1 -1 0 0 0 -1 0 -1 -1; 
-1 -1 0 0 0 -1 -1 -1 -1 0; 
-1 0 -1 0 -1 0 -1 -1 0 -1; 
-1 0 0 -1 -1 -1 0 0 -1 -1; 
0 -1 -1 0 -1 -1 0 0 -1 -1;
0 -1 0 -1 -1 0 -1 -1 0 -1; 
0 0 -1 -1 0 -1 -1 -1 -1 0] 

b = [-1 -1 -1 -1 -1 -1 -1 -1 -1 -1]

Aeq = [ 
1 1 1 1 0 0 0 0 0 0;
1 0 0 0 1 1 1 0 0 0;
0 1 0 0 1 0 0 1 1 0;
0 0 1 0 0 1 0 1 0 1;
0 0 0 1 0 0 1 0 1 1]

beq = [2 2 2 2 2]

lb = [0 0 0 0 0 0 0 0 0 0]

int = [1 2 3 4 5 6 7 8 9 10]


asimmetrico==================================================
A= [
0 -1 -1 -1 0 -1 -1 -1 0 0 0 0 0 0 0 0 0 0 0 0;
-1 0 -1 -1 0 0 0 0 0 -1 -1 -1 0 0 0 0 0 0 0 0;
-1 -1 0 -1 0 0 0 0 0 0 0 0 0 -1 -1 -1 0 0 0 0;
-1 -1 -1 0 0 0 0 0 0 0 0 0 0 0 0 0 0 -1 -1 -1;
0 0 0 0 -1 0 -1 -1 -1 0 -1 -1 0 0 0 0 0 0 0 0;
0 0 0 0 -1 -1 0 -1 0 0 0 0 -1 0 -1 -1 0 0 0 0; 
0 0 0 0 -1 -1 -1 0 0 0 0 0 0 0 0 0 -1 0 -1 -1;
0 0 0 0 0 0 0 0 -1 -1 0 -1 -1 -1 0 -1 0 0 0 0; 
0 0 0 0 0 0 0 0 -1 -1 -1 0 0 0 0 0 -1 -1 0 -1; 
0 0 0 0 0 0 0 0 0 0 0 0 -1 -1 -1 0 -1 -1 -1 0;
0 0 -1 -1 0 0 -1 -1 0 0 -1 -1 0 0 0 0 0 0 0 0;
0 -1 0 -1 0 -1 0 -1 0 0 0 0 0 0 -1 -1 0 0 0 0;
0 -1 -1 0 0 -1 -1 0 0 0 0 0 0 0 0 0 0 0 -1 -1;
-1 0 0 -1 0 0 0 0 0 -1 0 -1 0 -1 0 -1 0 0 0 0;
-1 0 -1 0 0 0 0 0 0 -1 -1 0 0 0 0 0 0 -1 0 -1;
-1 -1 0 0 0 0 0 0 0 0 0 0 0 -1 -1 0 0 -1 -1 0;
0 0 0 0 -1 0 0 -1 -1 0 0 -1 -1 0 0 -1 0 0 0 0;
0 0 0 0 -1 0 -1 0 -1 0 -1 0 0 0 0 0 -1 0 0 -1;
0 0 0 0 -1 -1 0 0 0 0 0 0 -1 0 -1 0 -1 0 -1 0;
0 0 0 0 0 0 0 0 -1 -1 0 0 -1 -1 0 0 -1 -1 0 0]

b = [−1 −1 −1 −1 −1 −1 −1 −1 −1 −1 −1 −1 −1 −1 −1−1 −1 −1 −1 −1]

Aeq = [﻿
0 0 0 0 1 0 0 0 1 0 0 0 1 0 0 0 1 0 0 0;
1 0 0 0 0 0 0 0 0 1 0 0 0 1 0 0 0 1 0 0;
0 1 0 0 0 1 0 0 0 0 0 0 0 0 1 0 0 0 1 0;
0 0 1 0 0 0 1 0 0 0 1 0 0 0 0 0 0 0 0 1;
0 0 0 1 0 0 0 1 0 0 0 1 0 0 0 1 0 0 0 0;
1 1 1 1 0 0 0 0 0 0 0 0 0 0 0 0 0 0 0 0;
0 0 0 0 1 1 1 1 0 0 0 0 0 0 0 0 0 0 0 0;
0 0 0 0 0 0 0 0 1 1 1 1 0 0 0 0 0 0 0 0;
0 0 0 0 0 0 0 0 0 0 0 0 1 1 1 1 0 0 0 0;
0 0 0 0 0 0 0 0 0 0 0 0 0 0 0 0 1 1 1 1]

beq = [1 1 1 1 1 1 1 1 1 1]

lb = [0 0 0 0 0 0 0 0 0 0 0 0 0 0 0 0 0 0 0 0]

int = [1 2 3 4 5 6 7 8 9 10 11 12 13 14 15 16 17 18 19 20]